8310077
17556061
7972511
7870824
8577340
11351068
8684458
1970123
7770545
1690682
7716231
16653174
10581021
26286615
2491690
2102844
8310078
21645012
27597723
28552380
2216785
23752041
7784523
7633426
7633460
2813070
5027709
4204636
5033401
4855008
6771288
2086254
4830190
5125232
5167022
4411932
4198767
4112538
992083
3324114
2315018
30185643
960110
2315016
5545078
4460292
891966
4676045
4308169
4995745
4850498
4747603
4426734
1014035
5820687
5533659
32843715
2602157
964372
683181
465091
1147930
4803830
4332596
4340873
4674343
4435217
5518165
955081
7210030
992063
4834686
4734897
4123919
8154745
2326204
7428994
4442418
4203470
4842298
7394807
2235510
27326693
33298890
35352032
18476671
2159630
34239069
2402449
9928262
6060459
1868204
27218267
24008768
2317871
2587227
8058830
4711474
4561179
4603214
10612848
2788872
5288807
4915289
5136582
21075
6167263
6165619
6172288
1707161
1989394
7049170
1666548
1908403
3140222
8109908
12032279
38110576
1363811
1678058
1303275
12034808
2569710
2648331
2197602
1945858
2159629
2159628
668926
1351206
3137862
25331057
17712812
4865716
10329261
23307484
499525
7067826
11946901
4634443
5809231
2199266
446759
7408859
7391012
7470110
15103638
25882344
12644668
8433722
2070413
14565218
15031497
9288089
23143460
20869849
17508018
18284401
19262603
25288164
22085049
32203132
7849723
9452087
34337821
7894167
31467407
11178751
1354853
33775605
2843827
15967942
17495960
7545908
7770537
4343164
1650260
2308831
6114432
17876819
1559716
1671131
11486912
1438358
10910344
1355086
1623202
16668829
1868215
7610175
3697103
8278512
16668239
8278511
2103431
32333915
3050899
3060852
3290857
4390938
7630969
4259654
1995429
12736674
4197660
8224398
6055465
4322742
656131
14694062
16270063
4962200
6291514
16270062
27559150
2114015
2402459
18385720
6327170
3755237
6549423
6327147
2402468
2377478
2740233
14592869
2251144
3205730
9652915
2159631
1315461
3697105
2336407
1759615
19095919
10545940
29320706
1956798
3340538
2922299
7991690
16668413
2578023
3658685
8359454
4882207
4882206
7883697
12712191
29196521
9177793
1460058
8535086
11457369
6276562
6290670
3562238
7969276
6286214
2102841
6799836
8720181
2701935
3194212
732876
3375082
2762162
24336203
28347698
35005077
3754329
2967705
14729850
2402472
20108423
2377475
31993215
2362821
2780298
10192379
7003158
2813065
2251128
2102886
456601
15520409
22442437
9497055
2685762
7716226
31800957
17562838
7599639
9452117
10564886
12205125
11481247
1966743
2156222
25075847
9070941
23969891
1284479
28971144
34631954
7528319
5946601
357905
7716228
5466062
178875
8587508
2102826
2798109
4578954
3405765
4673366
2395651
6279086
6985717
2349116
2308827
2053480
2243785
2251140
1849634
3108863
10605124
10093214
2102862
4204273
8619847
17686061
19179477
11077244
5946625
14657490
10477438
9655595
2167473
8880434
3033609
2155412
10834601
29554255
16653021
15003237
1863785
4686920
6766943
16671149
9880680
26454370
28660440
15006741
2374718
2542896
1846223
8395937
8069316
7599642
9452068
9452090
9452111
11295840
11889412
1660918
11572485
2491677
871318
1429618
1368849
4996162
6262654
211423
14988555
12019634
1301173
10394939
10989446
7790004
8726696
7913881
15770647
1592833
8393992
14600211
25934856
23567559
23929341
22056935
3615425
7484379
15030995
387092
6298218
38050179
38085732
1533586
27825096
37490513
23745724
4357740
4357741
5441401
2168408
8493914
9059608
7484410
8493893
8493892
1905102
10792573
7484374
8493898
16374837
27895223
28154118
488109
843354
4414013
911327
1225573
955075
2374930
3174440
893447
7358734
2602160
3562250
9059631
8598869
3697100
4417717
1122141
1122142
4857186
7717389
8162030
2336380
12205126
3267224
18300247
2510130
8493902
10694878
2374721
2103470
8108516
6805442
8904343
15235028
20583019
921275
6988426
7161801
4560498
1098660
11387242
24990823
18354115
8198452
1355192
16114032
5965980
1839481
15229895
7940673
7964382
2002763
27253527
10021370
12203980
7708779
14762184
22078468
2506526
4615179
6176715
6165618
2608101
2270110
2181309
2428011
6164372
2263500
1594459
22631584
1397633
17628063
7881427
9598089
9321472
6108111
3916861
9452074
30808004
25925585
17603510
10637624
3260028
4733850
2377468
8290640
2438660
2457058
30515829
1731997
2455281
8485150
30808005
20597090
10471270
11286389
11836372
1561105
19666546
8103398
7981689
7993455
7671849
9106550
8990010
11086548
2147477
19153377
28038792
25099942
12458684
13403900
4361802
7259779
4300938
4344907
21724836
9196002
22302790
30630631
5542001
5006918
2162522
9285581
2402466
5353565
17335281
2780319
7238875
8236149
9031473
8486379
9157604
8271959
4966639
12271029
2974946
2958780
2143014
2159478
2552626
2161319
12755418
9589594
8290651
7770539
9010848
7610185
2402467
8233835
12853594
11419353
10917738
15213450
5601655
1248464
7719031
16117643
8208852
2110663
7833931
9731522
8563176
1371347
1380694
7510394
2167474
9561246
8540331
10393420
17827341
1515078
8278518
2201952
8433724
8066145
179887
204308
8261628
6401735
3088392
4344225
30278611
12920097
3763409
21981844
2216805
8889592
3419914
4369340
2771655
3014272
6772077
4846755
8422503
7417263
2308832
7068630
18077821
2922300
3797247
204339
2771654
838046
188805
4363370
570128
3295784
27824307
4199986
7724678
15852392
3684585
7915931
23867895
6283093
2251150
4879898
326785
9166601
16668479
2108433
9084044
7991702
8982257
9021155
3320971
16890
2117746
13863980
16240442
15368580
15368582
7770544
32144146
20054350
27436755
18452766
28472662
768783
380146
6763508
2339069
2235501
14705034
4146266
4155270
13198937
15229896
16668482
16653023
6167722
12001235
2537963
2408019
12784220
2216789
9452120
2798145
2373176
7581401
9452102
9819708
6794375
10738004
8501075
2402454
2734109
2726493
2402461
8528272
35876578
12755830
17579415
2102380
25874679
24876484
11105218
11353396
17957233
1301192
8680412
8664904
9266408
16472269
19050888
21621718
383377
10852734
9635450
4584395
8047016
4561256
7630960
3194219
2265705
22989186
7674963
1812727
1859871
8278555
7846175
3027451
3174461
8756323
30808003
20182461
25750265
32892229
18413573
2834163
3030810
19652145
2557580
1701244
19995371
10656932
2165260
7989379
11874499
21475228
29659736
23128673
32303992
29053797
7052085
1882553
14536056
30808002
30808006
20428927
12112092
12939451
15184642
21336785
10217116
11897822
9070948
1103739
1103741
26933893
29519893
7120390
8586610
2972996
6277311
7726182
9556461
2960954
8414999
2174545
2170948
2243789
2529481
2950378
9246006
9222767
9452121
10051024
11180609
11954751
14639035
15557537
15811015
16207219
17718866
2143015
10641890
12572620
9734874
10833205
10564503
6283377
2531368
2139211
2139209
2143016
2235528
2884626
2145550
2151731
1533714
2529479
2535257
1702206
1832575
2143817
2143818
2899872
2138730
1884001
6302265
1531617
6277310
1371409
2145551
1387558
2904134
2181405
6285901
2889184
2144339
2954029
2872656
1532750
2907347
6458296
2140888
6266400
6446460
2971156
6206892
6215041
5862512
10751095
8630485
9326931
10417298
10398237
11050622
15565397
9545503
30808000
36853234
23667181
8634720
9405804
8226326
22907798
28874511
13783048
16927313
18855960
16292785
26341884
14625535
12270407
26703368
7886042
2143802
5100763
5100762
6816268
8875905
13034817
11017067
98639
1549481
20455273
10541811
8319984
6170877
8344729
4586824
9745011
59595
8406623
87220
3309895
9765907
10580570
10663566
8120069
2124683
9380040
6327180
27325779
27603314
22547027
16668593
2045357
32144153
10546591
15487006
19768682
8333335
9745044
25452584
12920096
18203199
19920209
32417202
2251142
2660106
3588314
2752425
10380921
12047235
490647
9175470
26975852
15176385
15920485
9787085
7784512
6246435
4562709
2508066
7779106
9497262
8029343
9426150
12859417
2106673
1897318
20142620
3615208
2798104
3375083
3412905
6456358
4864413
4921568
2678009
9765944
16159789
8719168
2243798
1484559
8115556
10501978
10384056
2667763
11435714
15340445
19015330
28475864
22461475
2039479
3497152
2395654
23089049
32576598
5353499
6966510
3488540
2555777
1861992
21840669
383387
3019092
11181339
15892033
16937423
3033723
1695734
10862105
16735436
25881617
29142164
30485398
6278729
19438907
9265423
27591421
27590690
31640930
34037557
9069123
4334402
4730295
4323853
11034351
305364
4537042
6221115
2402473
2726468
3357780
3186452
2349100
12837775
2968539
2740234
2349103
200262
2456884
5860161
5296424
6053284
5447861
36400755
9140390
15689453
10978364
15635067
9196008
8781126
9601950
20715035
25542209
5677638
5751736
5970899
1017116
264186
5366214
26902184
7956072
18712829
12467987
26324938
16773427
8278552
1368770
18216367
16969585
7849721
7633429
8634718
7897635
24869597
17226887
15394302
17907800
19578378
2204031
1978909
2216736
14423425
4922309
708075
8619851
10599751
11345593
8162045
329838
19068953
8995190
17804857
4882876
7031264
8066138
24603359
7610196
10537104
16905531
26783122
20533477
16161170
7149738
11130987
16668349
1625702
15032980
15173248
21696515
30023270
34522029
15048902
7713519
2216790
7870825
7630954
7906894
34037698
16747058
30849389
2678000
17705204
2243800
3104879
4217196
4625868
4632246
4207120
4622589
7866410
6776950
1969140
6331256
3108857
4621826
9143915
6331255
4215456
2109313
4628675
19360879
7784519
2113277
19070563
33298887
33545053
3755822
2618861
5361911
4508400
5760861
5240032
5462122
5693288
25460178
2180696
14635136
3035324
8016275
2356128
6108109
6263143
6114734
8206888
3295478
2395661
8139623
9598325
8465605
17170272
7784517
15368581
11219468
9452114
8661728
8833248
10051333
1731967
2740227
1775175
27244083
2762136
2349115
8277294
30487554
2780306
2780305
1840686
8022928
2308851
1623186
24043710
1884006
8786113
6864790
2320427
17347772
2216727
7338913
2798110
5572609
5349375
4449122
3628010
5584177
4555447
1110754
3763399
3267214
731693
794486
731694
6772187
5570434
6056980
4571380
729805
4912732
2388853
16653000
11022294
2216783
2602158
2320436
1633955
2928116
1461746
2235506
4846166
8477237
2922295
3205733
2922270
4390042
4390043
4441618
2320423
6260960
4381390
5586539
16590772
14165501
4381389
5452764
8341610
4747845
14123305
4206631
1437566
10732356
10779962
9454068
7754671
1731998
15503213
4823869
3043380
2216745
31530894
9758911
4612249
1195380
32238915
28717989
2868386
2658488
5857368
5085981
4358616
200419
5856369
4594376
5857367
5543697
18972478
15174175
24231284
17514206
29463897
2646602
15670137
2117745
4389863
11946054
15515077
22447673
4331376
4797901
5064450
3838718
3211752
862906
8462880
11736814
4557764
4411121
4997616
2717418
1369431
3774558
3211753
15771744
4577852
4653404
4407313
8226388
16386026
2235497
2402453
4605338
4429673
10384055
27494380
11526440
2260982
9298824
8310073
2326208
3133641
12610632
1581574
16653169
1932700
7972525
16669103
16668346
2395887
8058828
7082009
7328661
2726500
2362827
3755526
2395665
9475954
8108520
7106283
5330966
15991336
16293139
2263503
2374732
2243802
8540321
33589665
8454293
2587265
9033587
3550705
16669106
8844677
2748343
7353655
15668980
1868214
1558959
2649869
3062585
3306599
8290641
1912506
1884005
2263499
2668882
24482437
2408025
1623200
8290636
2103430
14209950
8161571
5102489
5143102
5817619
4833744
957425
5344132
4565668
5079891
27430952
30882370
7121588
348476
12114483
8661038
8353501
7564249
8990018
9266356
11553052
21240075
21826058
16710767
15998583
26394035
5410106
3861130
9396866
1661560
2216738
10582310
7524281
1293144
25988854
15373750
7767003
10072591
16755587
6294090
6257176
6286684
10195758
10917742
9207783
9282822
7610180
15265083
2006197
2453848
1718034
2467257
23461681
10501843
11003394
10941850
8606060
7642234
1309509
10890433
11950861
2388030
1471258
14602880
2143819
1828779
8420837
1635567
1531205
7590981
1377364
10826698
8436424
7508842
8091416
3263213
3082751
7528724
2476718
1698281
8740779
10398809
1939168
9790779
15647451
1639443
7509775
7528728
7686531
2509342
1612644
10369934
3472717
15824138
32666501
34218387
2690018
1819514
8310070
10051334
2137908
7610183
29885034
33134521
8844681
8528263
10384057
1459009
1634002
9087400
12078753
8783570
18383240
9247932
7972512
1763903
19507244
6295812
2646600
11501563
36765147
8904724
7926792
9051485
9051484
9856407
3318666
8901638
5415108
628010
5415110
10907856
10790539
9530636
3562232
16631569
29445032
26471995
10049596
5912351
9593291
36047773
24152280
10762557
10803850
7360115
15173250
11992732
12411612
8016274
1888895
1284468
1284530
1284529
7683628
7683954
7505694
7520022
7524913
7524909
8081395
7581407
8829633
8723693
8723695
9067761
9101301
9222768
9443874
9452048
9452054
9452073
10066035
10869121
2197605
2900688
4795659
16978188
13525371
8905931
7906419
379350
2902558
2564178
2505234
32900867
7913239
1352616
1558950
8719252
2263486
1979858
1976241
26067113
11889561
10876060
8310072
1893114
2519115
8208854
2668886
3387233
2762165
33953335
33948904
19164942
27138744
2349110
8680411
2374720
1581576
5773045
376401
6016609
29531044
17169074
1863766
1581561
1868209
2356130
8108500
2216793
7716240
8994808
8108524
8108501
7238869
955672
437113
4323551
23455586
23870008
33428752
4612029
2117748
28973528
10438340
10051332
7635956
2115993
3399403
19387844
7824653
4288271
4303114
1321743
7120407
352686
34237910
17886275
5169000
10541808
10198175
17037540
15175046
15044642
8034678
7874130
19710717
19710712
33991082
10828592
11457943
18186468
20146363
19212335
24035150
8165250
35616898
2204033
1735703
1732000
2103485
17979190
15530380
6852238
22407516
2049082
10208809
27980177
15630565
8278531
4261395
19173314
2821502
1385234
12045290
24380879
14757870
12805601
31512373
10036195
2263478
3011376
1965799
8203148
21726035
4115172
4673951
4359390
4343808
4343807
11946479
4313735
7093229
5047697
6987088
5529814
4319110
3340531
1895312
18409203
1870989
8019571
9101304
16566045
17823333
3340560
4194291
5777344
5337886
4290711
4327399
5411206
4335087
4342027
4366532
4126850
4636751
4609475
4412529
4435743
3868961
5443712
5809220
5785233
5443711
5544653
6267043
8401517
7906591
8081394
7749416
5785232
4636752
4763308
4857180
2587267
7757086
14729840
21671384
3405773
2780304
3357782
3211760
2235526
7749417
1357232
7912131
8664902
8990011
9452103
10819545
6838833
2584723
6609661
11419349
2336397
31895054
28369186
8006044
8829632
9452056
10563487
8575831
33285028
2997024
7372604
15565285
10084325
10469344
10620140
11843659
11874498
20108428
20598510
3868958
9634479
2511559
1311303
504251
985525
16835921
18312449
335821
2263493
2349104
11885570
1663026
6249306
14675210
7417313
2788269
6249166
7274457
13642798
4344689
13348631
6274691
6272808
14463577
4334191
4338630
4347148
1264228
13760276
7447938
475783
4369114
13451616
5543613
4673865
1007884
7259753
4370084
13929167
4162144
4675453
4270658
843377
208539
2216731
4858821
4603223
22072538
2657662
1003470
9452026
9452063
7831343
8066135
7770534
15771748
6345072
4638345
11841199
2538806
28044327
36758993
8310076
8991897
15754059
15235026
2172930
3020517
6260957
10577941
2552410
2562779
3054536
2819826
1650259
2664712
2550900
8281018
6291999
2156223
2847119
4359388
2158075
2557578
2562384
2173832
2541414
2544859
2165254
2550898
2544858
2549512
2849755
10072584
2554257
2155413
2163523
2158084
9166597
2174548
2922297
22890978
8597469
9211678
9352581
11295847
8807670
3755823
11295848
3755821
7074072
11184479
11403040
14640114
12525557
9067760
2395662
2388852
2748347
109438
9799616
3399405
3697070
2216732
10739176
8095407
2263487
2771656
6851839
12231822
2644625
369554
105731
1465460
35388094
1863783
3016651
1518524
18767156
11474210
9070950
25961183
1961767
7130171
17429965
109432
2911478
3205732
3362680
3399402
2216728
2259636
10519546
3658680
2320431
2821500
2831510
8655535
8443605
9693048
1966745
1831258
15857420
1461747
9734873
12030933
6267699
6982831
12011157
8954545
8891296
16411239
11402176
36563328
500580
8186748
8394684
15566474
6754715
1581575
5057466
2726488
12843338
17128490
17438615
20108431
21987686
16332522
22890584
25721730
23518567
24080726
4770792
8078410
817940
3758227
7426005
7254349
4477528
838078
16793013
23521069
8058829
24503647
36076346
18798563
8441691
3494232
2148207
8225444
26324699
2673008
4712450
5286363
438159
2362816
11003712
11027699
11842136
14506705
10191102
17976214
7634324
12529510
1437568
2183186
2406593
2668895
2671723
8426613
16104018
7490106
8400879
3575104
11058912
30975768
10663567
8188230
27226643
1509266
6786354
5764436
14151403
5972866
4399050
5442169
6914398
5649671
23135764
15983625
21117241
14705033
15624211
1626433
2549515
2548168
2537962
2854406
2549516
2550906
2175887
10581143
9443444
14729836
16222672
16813608
20127391
15286166
16234473
8549164
11846744
14627691
8678997
7833935
8829637
8807343
8889588
8956046
8990008
9452025
9452099
10586284
10894999
11180613
15994881
9422505
9620796
9471561
12548749
12746422
15952212
10471490
11017065
14711052
9591719
10505680
9730616
9403077
2836796
6273583
7927345
11162142
2160949
6270339
14084622
6283101
5038698
7465055
8418825
2813072
165435
4593578
4993957
2915932
4810060
5391285
5062820
4770377
5709273
5506260
2519117
2654887
1868207
8319698
16521301
16521311
16521312
16326980
2740232
8920253
2444617
1225597
11264422
2103454
9144281
8643125
10508508
7623448
8047136
16556506
9363899
2326174
11872833
1840690
16739485
8920015
222467
5771953
4348687
221822
4883098
4350650
4200400
221823
11946160
11946159
11947254
4358550
825785
4345913
803642
1320427
2842733
6279876
183984
5933874
5061872
5846985
5968568
5903744
5835940
5434283
5137335
4349739
174956
4355549
5922971
5139215
14469771
5545094
13933734
14063298
5106585
188448
5933863
185001
4954366
5499433
4347193
4553890
5950080
4363050
4304194
4975694
5669923
4344910
4357820
5459636
5855656
5905125
5903726
14236132
5044037
4372092
6061416
4364857
4342602
4358609
6279867
5298061
1868213
1907512
9745014
16307661
32666117
11028014
2183199
2137907
2204030
2183184
1623198
8140616
4947307
4609980
1627783
1863761
2780300
2336365
4977445
7610184
8278530
1451782
1518523
2235508
2038364
2205237
2251135
2400577
2400578
2557577
2557576
11481241
23381136
3057441
3205725
1558955
429335
9790777
3279397
7042389
1417760
7925404
28657861
9917844
1569960
2263474
2129555
12949156
3588313
4962540
3057443
31555825
8679003
215461
350619
227733
1508695
6793399
3043381
8451174
7049166
229851
36220874
10908588
2040017
27021811
454663
28546157
7770535
2513554
1683462
7764225
8464751
3295783
2216786
2402512
2527357
2602162
2587220
3362685
3419906
26578703
17713547
8838327
21980116
8131924
3658690
7784514
4392213
30564455
10510241
24760823
24967457
2197603
1425193
25452582
8720182
2349099
24509260
18286714
15867930
15317025
15929002
8325384
32562707
22322867
8278516
10501976
4992818
2492658
4618079
4376665
16538696
16187386
30262925
2391353
16628197
22795705
508323
8034619
9202117
3938363
3815601
5297832
16854454
8180475
7959783
324806
211976
11476641
4145650
18491387
10800688
2197970
5045524
4719204
8756321
6946726
4735572
4365183
4856315
4735574
3399399
2704625
2704624
2690019
3399393
2235500
3320973
4394351
2662140
12821505
5835946
12464030
8304094
8304179
4304228
1531029
1531030
12696072
15032977
15771746
2513553
196652
620783
26813765
8385320
25747844
19946920
6279874
6754951
17417794
19879169
16284956
6896188
4575624
4582730
30791088
2308864
1632970
21520290
18677738
19672909
8225438
8026867
8406617
9157091
3062582
2668885
7981690
7849724
16374476
10604464
10080173
10779957
3126487
7610169
2110662
8332479
7811295
2108432
2510131
1886778
3035506
4734471
1348510
4735137
4856650
4976790
5166750
2263485
2542904
9799614
1754405
34165507
3402337
7310871
27301544
9662389
5338507
5846986
6255678
31775019
2499532
2370084
2744808
15303497
843373
16245326
5365804
9234495
8988544
7806277
8598037
19092054
1529429
2714855
1481203
8896187
9756410
9756411
1440570
7806296
8344726
7901923
7912859
7839356
8781129
8824162
16866899
8085260
8851734
1412421
7817379
8525482
21345093
10602997
12404385
18214955
36205747
29246662
31469168
1454544
3340559
3684586
2066347
1741300
8341609
2452406
9434960
1741270
12872260
15349879
19307547
26942291
8332474
38640897
38640889
8621470
3022246
1762925
1579479
10630304
8094732
8103397
18174402
34997220
9266349
9107681
6415003
2050393
2777341
9174147
9458130
8896183
1440562
7870833
6811954
20356336
22929521
9234492
9243765
9234494
9234493
8773325
9458128
1471145
2138729
2144985
22408789
2531846
16650084
14750516
22107825
2030948
2339068
7891743
7969277
2674900
26048998
15130548
10844571
30528827
7894164
15191570
16297213
862769
19776162
4292198
11130991
16170801
21989941
23997090
19415758
17078075
9070952
30054554
30315230
19637179
7588081
9545504
19005420
19122038
21294719
3526286
16222560
405008
10508505
22113475
7846180
2123542
8310053
2147059
551290
34404736
33866603
35146068
21300116
12960215
28220546
27145240
9403682
7166756
2349112
10603000
9530632
8589529
23519457
2204835
5782111
19876390
27102936
9915973
9266371
7958339
12866058
15668154
19438931
11167539
10469321
10951256
12225002
12932274
17256800
2362823
2198541
2657658
2668883
9060420
11303518
2183185
1291713
8634719
16441305
8984348
8159799
3960725
2911475
1561101
1542580
1762922
8502575
2101309
8813670
8441684
1779985
1641343
8369039
2377481
2115672
1480492
1886777
7855131
1383944
8441685
1508694
1754404
1598220
12766415
1454551
8367313
7630379
16668412
4368673
7042386
7016587
2587224
2362824
19089949
37488192
21365687
389663
2602129
2602130
8341612
3136442
2714630
8278500
9094709
3039909
4636327
4750422
3262867
3615210
21483450
2377485
5484456
5000475
4276459
189946
563295
7139821
2172707
17284581
17914359
37405986
21484434
22095125
8903738
9070942
23070300
23239828
35105927
7623669
8830253
670169
8293474
3479752
18946670
28061330
23262285
7106382
29475958
16741958
2339072
1623185
17360700
17185584
32862359
8528262
11210524
4955462
14463751
14463750
8113204
7370035
12483591
8092678
3575111
14517982
8104059
9778243
10080172
5470817
4865643
322662
4889461
2362815
2587223
2336366
12102004
2106662
4942326
7723780
8029364
28011303
26617416
17243787
9310661
9730622
9457681
2536924
6292200
26427760
1311072
2155398
11090047
10052760
12029140
2235509
7546916
1840655
1762923
1620621
6169994
2538803
6298633
23028303
20714859
10406914
27343256
9267020
12738854
8455939
14708632
15009235
27416908
3034490
7558017
7596368
11156600
8088806
17179216
34919821
7846179
33964184
9657339
6210989
5571829
5571830
1882555
1838342
11906033
16211485
12076776
27824013
3104884
2110657
1905805
2163525
15014238
9676434
2186379
697844
17262863
8159795
9110179
17680693
2406024
4768551
11167536
15803517
1369099
25689444
2205841
1741266
2201951
24500425
5470821
26684793
15044653
4602029
4602030
15604683
30284759
8203016
4305016
3317276
10908590
12832080
10738008
21415277
1893107
16691597
10991693
10051331
23239504
17037606
35871492
24635597
4831071
4811064
4405643
2339067
32272861
2349114
1651131
8290637
7870839
6291465
6277165
189691
197893
202200
6289748
6284034
16668715
7630967
1313712
2843822
7870816
2163524
9146922
4264286
15180874
3754331
8528215
23697977
24756937
11522026
6986908
7874144
9746807
8364544
7981691
9452082
1303178
2491949
1356412
1639429
1301194
1301960
9029040
9450898
9452104
12195713
8236150
8392713
1902289
8199596
7981722
8680410
9222764
9452115
12604421
8856916
2336361
7757089
12664593
4381013
7784524
7991698
1447160
1912504
9707111
10201369
17879346
19768684
2740224
17536800
7084456
1447162
8029360
7972507
8066143
2204034
5094766
9649839
8838818
9059646
9196001
1641028
10615118
11920628
2564179
7908067
15335864
9251033
1358534
731692
17900869
18534823
35490425
23328402
24665001
8504310
8004112
7951214
7911051
9338588
8988160
9452085
10441597
12161601
20803651
31798959
32337066
2117747
7935615
15520277
10531041
22492618
2198539
11797105
2967464
8968765
9089104
2974947
8188320
2138587
8537115
2534798
12798513
17763442
1132514
1995428
1954846
2388847
2315024
4248527
23744707
17330903
8016278
7846183
2124680
7120409
4407619
680138
5651327
3095791
3095790
417074
2388848
1581559
8373379
817723
8278553
5227671
5335811
4433520
5443697
4375562
5799135
5769192
5769194
518659
4946273
467663
5723466
4708097
5772470
4768897
4934841
5668181
15929003
4138095
12464028
2434929
6165360
1370655
8535076
10786625
9931477
3205724
2470029
3472745
1785797
3387229
1664700
1869483
9590499
2159626
16470795
23041776
7719333
8956050
9452027
10945669
16061565
19066716
8589699
9452043
9525367
10471491
10777366
12707965
26237043
35202441
30420729
19171836
4798061
1089064
7338921
13823737
434821
6033721
1198547
5836555
2102623
741445
936108
6383194
4974768
5727635
6575689
891553
3194892
4633001
2771651
11946783
3562236
498286
3267228
5022189
4413519
4616093
29505760
11775745
14705031
30288795
3562251
1915353
1706222
1710319
1868545
1710782
9880681
17876830
16604427
2011499
30242642
15121789
14627679
8208851
2726494
2882779
889809
4843142
4843141
4711610
4843143
5126921
2500643
16370017
12843323
4384683
12501433
3774559
7934865
6271461
8441692
9634868
14913169
6653780
2889185
2566150
838045
9406543
6131838
8401531
8069329
9302998
6989606
9019410
21520375
7651159
29345912
8898353
19793056
24914578
10702024
16098053
12449423
12161610
16454982
12471206
10206641
25173801
10921784
11768393
11463472
2216780
8638118
8278517
2402451
9150176
10874325
4863042
392233
15060122
2336402
2798146
3194211
7026284
3412911
27239025
19554584
4835136
9271483
9280841
2505233
12930927
12930928
7716232
19816441
18683158
34012118
2198024
7030331
2187182
7637778
10213777
20544974
17446370
2664711
13898172
13319278
13905785
2174090
7874128
7815431
9762612
8119400
2408021
2674906
2251148
8559079
17121404
29140438
2762156
2264246
12370785
8613146
8051184
19455659
9598377
15733276
11477687
9797414
2493629
2377477
13174589
4371815
17239340
11946592
1398114
8165258
1201027
2349105
2216743
2227448
4294736
7030790
1193541
957435
1600159
4299800
2123030
2602126
439137
4605211
4605212
7655466
9700612
9700613
10738005
11058910
22469094
1945893
743300
1303180
1303182
8490627
9452072
30988594
4396688
3412913
4169027
2532320
1593646
8499925
3419932
7630947
4475113
12402366
10874322
21629566
7509226
10773677
2190186
29369404
8244952
3040362
10427751
2678008
205999
6173134
1653483
25655823
5538385
3419917
200486
13495476
2823224
4252223
14235524
4305667
2205840
7633425
7581409
9452036
9473722
8208287
8499924
8956044
8869397
2503815
4153311
17101918
3419933
28969388
29982295
13641238
13863403
14012475
4441089
16750579
11265456
2903445
20169446
26789244
8185170
9872672
5665711
5799207
5784957
5921183
6930858
14248711
14248712
6897117
8183957
22483626
23031282
13331868
6766137
10527671
1301953
8076951
7915932
7981693
7627192
8829663
8889591
9040001
9637431
9516376
10360404
12694238
15690354
17620502
24577513
21827955
31685692
36423343
1966765
31032849
1321750
30140029
11885988
27273810
2170940
2164988
2175889
11162813
4831970
4565406
1438360
8304099
9120469
8304101
8112473
16865707
15863676
7851789
19286934
2911477
3684608
8493115
7440563
7724679
8165245
8165246
9889008
2102865
12682283
15566475
15215484
1904992
9434952
9497256
1448611
27834343
22040219
9693047
17805552
19412928
3866511
14712703
9878267
17685514
9145105
16224779
17932939
8016276
6136502
11267031
27237746
8528260
10376317
2243805
3405761
11470852
7227513
11910018
761850
5063466
4855197
5577463
5804161
5420706
642012
5102553
5484471
4692855
3601682
7295773
4759566
838061
2103438
4557653
22187997
12057858
12473780
30171045
34788986
4385233
12546424
5286858
8278524
16669000
8278528
16653175
16668750
7630966
1654156
5101174
5101175
5107231
4854483
5065401
4835135
4745444
4770796
4448287
2481272
5064343
4676903
10806483
10951255
30620395
22936680
11592143
8244950
6283361
2577497
4149044
5543675
4904088
1983297
8104170
7911583
9321487
4401992
2888076
2901064
4403443
28323
4867671
4893578
4920873
4920894
4934180
33597
16652997
3809885
5350948
7040988
3544149
2349119
3045764
2544860
11101882
5335908
4934840
4575199
215194
9823891
11379626
22447719
7981700
8571969
9067762
18473363
25342667
4565673
15017142
2563152
3205747
4565085
336628
6216253
2243788
2726459
2587279
6338015
4636745
5102927
10605628
4421675
6877358
11946536
4645932
5011077
5126885
5325263
1454546
6272128
9056951
2435460
2740229
2740230
3671077
2377465
2740231
10828359
33015733
7870818
23357850
12101286
16477602
4606909
2570640
1694726
1620164
23782177
31570568
22307269
3131741
10571700
2106672
2115997
2748346
19603485
25725072
4692843
17034777
22495880
15060128
26108976
9371856
9425890
7928774
7799969
7050118
2671939
6760865
4946067
4942726
4946275
2183201
14188176
14257628
14299649
4299571
33904729
14412928
5577148
15653487
8464750
9088113
2827127
2186370
2216794
4944598
1625703
7195818
7154087
7972508
7630957
9196000
14510680
9021160
2263480
355254
9184424
8212131
10408732
16498716
3033607
6852035
3658677
3697069
2955287
2771650
2928123
3387231
1625700
7895842
2388849
18767166
11344099
1668477
2263479
8459826
2118626
3114716
8468562
15738154
15738152
9247937
9662039
8426609
36157507
589733
657408
2243801
1641348
11474202
12063408
2129556
1755384
10655594
1715208
22808526
2717413
1715211
1912512
1840687
2969461
2521378
1834245
7215543
496973
22682752
13577889
4583105
9337410
8165247
20628807
923580
7334521
11749387
9784196
1938934
8183318
8008026
1740183
8224094
1775156
7519566
3678589
3766257
6078540
1650615
7870838
16668960
16669104
2362832
9065793
2928124
2388840
8050528
12387854
20830593
2602116
2771649
2377467
9683616
2789517
2216782
2308855
2216737
978738
35966690
184286
11210571
153201
19787774
2170947
107043
1081600
1088827
8479926
5167020
4822503
5547708
7074115
3090518
8346042
1923777
8772381
2587222
4856314
4667695
4568599
4555425
7410338
1679534
2587235
26166249
9009827
4768909
5033394
2216791
1518525
4644305
7074112
891534
3786151
891535
8598899
678528
986955
4735580
4735579
4700459
27392148
8111130
5016641
7078654
1956792
4859525
4700460
2726464
4795661
4855011
3627987
2349118
6274702
25613572
7035169
782914
4321977
5817359
5780842
7477106
6276563
2915930
5574393
5388597
3601677
5123897
1278426
5171427
7262310
7013789
518607
1112411
1112412
7371850
6252059
559492
962913
3925012
2370086
7018573
2370087
3335396
6895103
1339405
2298465
1855817
32426512
11410842
1767593
497235
6289867
14534576
19796188
3692165
2370085
2388838
5658544
5354968
4748330
4415942
7265209
6249685
4798231
4630856
2717411
3347501
3762727
6286445
5439729
4747605
4215720
6048714
4458658
4672861
5076774
1250373
7057930
6251083
714170
4567660
4214754
2263473
2276480
4875309
4427683
6030605
940162
5659617
5659637
561852
11410421
13872627
13954546
14093912
1428951
7358733
1177322
7373648
5988206
5440849
5091982
5288820
5085669
4667378
4744335
4824923
1182166
902765
7238857
7068434
7068437
6188720
6874376
6874377
2634669
5115619
1634363
4212045
7558876
7713747
7470621
9452028
7161109
8745434
1428950
4205759
5119242
4950988
116596
5340470
277329
5345070
4782642
5045934
4464824
5855051
7388007
3304337
5679924
5811910
4676390
2740221
4215719
4205760
5658545
5680274
7399417
4430360
2587229
2740220
3453111
2748344
3357786
3697074
1269767
6026247
5697993
5433580
5496230
6022868
5958205
4999925
4981734
6048711
4561255
2587266
5002362
6263308
6266925
8014260
7236709
422568
4876811
5529282
1019344
13464827
4555506
10588683
1195378
721609
4850241
992050
8811317
429365
2101840
6618888
1634367
3744871
2634671
8330979
891976
3623975
7161106
668922
6857757
4129558
13897827
4852224
7238856
1917530
2079435
11300344
11939514
12144064
12603091
12908805
28066926
3615213
5499429
5000512
5005884
4206326
3384704
318611
6841126
4536743
277327
5789874
4530669
4214886
4663350
5956309
5678016
4995018
4850239
952968
3841531
1787103
2066116
8330984
8401543
7713748
8537235
5002785
2362822
1301735
6172865
5554303
2454900
2417989
6199326
2419280
2411679
4455303
2467893
6038320
5491586
6175602
4765089
7928382
2581920
6183236
6188719
6019034
14087393
881729
5792729
4429671
4846278
836882
6186522
6186635
6192110
2435680
2442122
2442123
2459082
2459083
2483933
1703138
1703139
8144355
8718700
8718701
11791877
15645283
14872137
1893106
24288412
2235507
9498079
6373205
7409145
3684607
10524621
11491539
15036312
28314777
9731767
11947357
5849820
4965794
4628374
5083098
2263504
3671094
1459859
1678509
2922298
3808948
7784513
3054815
8401516
8268934
3368319
3320969
11121156
7873885
8990017
1715665
2103108
11774537
11774548
2103098
11682139
7233828
7278968
3375087
2705299
6169439
6768586
6548691
6822816
2362812
15920494
2243799
8066144
11375302
15286165
2235498
5722254
11945609
743303
5059118
5
5114534
3062586
16028221
1360650
7909469
21591034
1825792
7951261
7837766
9375850
7633435
7906156
10079302
10612845
15046077
9396865
24597873
2492095
2499873
3264906
9630082
2142751
2682528
1484495
11477693
10501975
25646486
7754225
31110010
4745771
7451471
4855287
4814341
17685615
4909873
4927808
4358959
13682989
5337591
332083
319792
12360532
6173490
9192026
3313284
2194167
16809061
8284791
8188325
7871528
17092262
2251137
8795145
10449296
18779413
1362296
1481202
8362411
7517915
8851728
1699887
2251138
1598685
1977695
2336406
7398877
5646150
27625640
3017638
8401237
2990440
10865950
2235499
1363814
28271995
1970867
7021055
1972979
1391777
16653173
8099437
12112709
3194213
7202717
7409193
1630928
33380312
3684582
1754403
1475204
1408807
8566388
3671074
1891369
456580
2402471
793593
3628013
7371857
3194220
1891368
1639856
9845361
4416442
96115
8464744
9287055
9392505
9604876
10078571
10102714
1967225
9398836
10672455
11845238
17907254
5767303
6395665
2113274
2762157
3027962
2173829
2377482
9251044
685184
3628006
12088660
4708670
2005783
8240319
8444818
2602128
2320422
2336413
12943365
8617334
1840476
7627191
9452051
1781355
9691986
2388850
26733221
975782
4573324
12139523
8188234
10777357
9534180
1528903
1581572
16669102
2922294
1581560
2798141
1863777
2762131
1886617
2356135
7943958
1339404
8026864
2780322
8180474
8278556
10681182
10681183
1840684
2377479
2263483
4675900
3658707
3445973
1741296
3211757
1840669
8259127
7870826
1932697
9106200
6795353
1893113
1565130
2644626
2668881
2216746
8550228
3060854
2326203
2243808
1579475
1886779
23089760
1450340
3287333
12943364
9273061
7934943
4990470
17640072
117299
5489771
4923144
6813744
4803843
65324
409716
4208843
420800
7441755
618887
115869
4213527
5062012
11947590
6273429
2497341
428562
268248
11101832
1681510
1973835
1968620
2896332
2904133
8903739
8096637
12414828
7610198
13211595
5871820
9435328
11372010
16965331
20375417
21604084
332086
7001031
355643
4581274
14619892
15642402
24143008
11265463
25143157
3502697
11058921
2771653
27913302
21289315
21289316
21516612
2326172
1893104
6178623
1893108
4880759
21069734
9794116
2251153
437138
8108518
4672481
4797072
4797073
4684708
2798138
2402462
3419931
9363609
11947537
7428928
2762164
4606338
2194169
9107688
30058936
4149369
4400493
7610186
4585187
1284597
7728156
7599640
8664909
8830188
9222763
9266380
9452044
11015461
11683780
8401515
8242073
7550242
23826986
28288023
7806273
1408839
376343
12161597
8207023
2336376
330233
330232
1742345
8493113
36868207
1641346
7630958
3057442
2041753
1508698
1736299
12975586
1475206
19280598
1912507
2135872
641056
19676114
21685951
23774268
33522642
3020354
3906813
6181262
3020355
8662077
6171735
2726460
7590986
8188323
6173769
9472070
2115994
8753862
3093809
2115673
2530342
1701245
19450523
24692455
2241915
10702483
2308858
2377480
8857020
2326169
3658684
2388846
3683205
658418
2243790
2762134
6766534
6803173
115593
2506527
4373463
6801528
7092891
7008791
6895102
5530842
5538606
5538616
4429665
4609467
4922544
6774012
118920
5782707
823945
2505237
2115996
6795090
6771020
5586923
4893682
5489770
5027703
4415202
4909564
5549568
4814727
15737213
24372406
6397321
2685752
1741294
9763654
8964602
10541817
11752568
15932414
9089110
10541814
1374259
11086544
2070420
8609984
9479509
3262865
2635664
2377484
3262866
2263490
2532321
8563178
8088810
8900089
8508756
1631562
8319981
2788130
2216781
2263496
11048943
2544122
2251147
9620765
9887351
7806280
3257560
7913298
2243807
17097890
25981006
12670864
13324101
13405870
5321308
1600154
2336405
4388025
12242394
13727223
8719163
7821405
34981581
34825409
8812441
1979163
2243793
6265806
10087305
10779953
18623064
16715106
25592983
17636923
16879365
7934917
8058832
7846170
17121280
6773943
1620625
5949593
5063718
4311938
4640931
4554104
15771747
11746019
2806055
9199575
9703342
5028210
4763354
4715652
13552701
14228503
4928892
14886311
5545080
5105368
13032079
13249947
4626369
939409
13373434
503234
14426955
5101771
5560404
4443293
4803504
4698555
4698553
14035061
14036898
5389298
5066110
6265453
4418746
4427361
2757686
13249948
5406482
16271964
8159800
7630946
7053997
7972049
12112707
15265086
13944692
6752426
8159801
7846166
2175886
2183200
393265
328499
845944
1271467
2308852
8432546
477995
2173165
11710395
2587241
2685753
1654155
2170949
19663824
2726461
2813069
28331227
14640121
15300989
30826365
8723689
22511353
15815978
15937904
5769997
5135319
843082
10691414
12011155
12974284
5466061
5103069
4672150
5531651
7169635
2602119
500016
6864793
22528291
21403123
14326002
23390185
16392111
12211023
12434382
22012762
19569147
23307751
9215749
8643114
3549901
2569711
1671669
9166594
10792571
1777426
15971201
2320428
2308860
10795735
10802324
2762133
1368760
5650426
4734969
6006643
5950769
4472048
1558956
5425943
6401713
34087166
9341252
28111307
16034466
16424865
16707754
22397670
11036763
19455710
1511131
7630945
20177424
27471098
2112242
1542584
2505235
2113275
9271675
8599755
3205728
6337154
19474805
27212473
2477803
18616775
7526926
7506606
10583131
12603865
22832485
11874497
15795125
18547302
19470054
23278621
23855588
2447559
28899683
17301834
2458568
12926810
16911293
16961539
20964665
3502721
17408392
12406348
37122192
8595431
17855059
22437315
23450297
15840119
18489596
19416275
6795448
4366177
4367210
2821496
29272706
38171079
2139212
16302237
7477113
10867916
1339355
5438361
17495534
22547026
225318
2843813
3547325
6243658
4622086
17623863
19604470
30109122
17410582
29712768
21691301
28045232
15744789
23657660
12044895
34718754
10640823
9925945
20181577
11749376
2543961
20673813
7610182
10723734
9806850
12434576
12566537
26195193
2128063
8541859
11013453
7829094
2263489
1285906
2336395
9354783
12011158
9452080
8524415
9693050
2771648
3641191
10426946
4944816
13813474
10441747
8841177
1288322
23335734
29799648
31987885
34277909
36546314
16152643
9530631
15624212
34782440
2118499
2190187
197968
6248551
11023354
3035505
8662091
8777725
9582454
10573845
4289819
5323016
1496920
8680409
9657776
9699740
9697690
11074500
15173254
6270337
2823223
6271455
8918872
9745041
27026694
37212630
16456535
393608
2467258
2471958
2456523
15235027
10773678
34847617
3246048
7043199
6551452
6188842
5128744
8824161
9601951
10866118
11261935
9024210
9566527
8401594
22843988
11706156
4986212
4952632
31087670
27149178
8346555
2336401
3387228
3658678
2402470
15701647
9545390
10441600
7607695
1545821
7983077
31519760
11914719
1651130
2841650
1651129
4306285
4324215
4346344
2102383
8278551
8125333
537059
875020
1185780
2780321
8807089
9075576
10087985
10772876
9090535
2349101
1840598
1809119
4735656
4555954
5289313
4429491
4577821
2443313
15744029
10319851
10702687
17457817
8168854
9253404
8575822
7739678
2342564
11445083
4748811
4216454
4215718
5028201
4097974
404188
42017
100411
99160
6776396
11946339
98179
4120629
4691517
6795447
6264318
109517
4596149
5595110
4563064
4709625
4435756
6167731
4188189
27484770
1579473
8401576
7881431
9452110
2192364
4760498
2701948
2349102
4611888
4737332
4569282
8226387
7699130
3194215
6155855
2543958
29717096
31811059
4571224
2203471
5532231
5532232
5534301
6774718
507821
5065784
5049057
1401360
4718741
736925
8012114
8043959
3405777
8660519
5131162
8016147
2123032
8265370
2602164
23430048
7711728
8807342
2402469
4302217
21538546
8500570
3029705
9799849
4590109
2243792
33535099
838465
838743
4795361
10509905
7338899
7429427
8901865
8577343
7550239
8664907
9452094
9452095
9452118
10980548
11298688
2922268
8022923
22383301
23588382
1531034
8278514
7991700
7630968
1864376
8593494
27546571
8260509
2384167
3658708
8415007
1577491
10717307
2308850
16668521
18320588
18433051
7845236
9287054
9800339
9069130
8673096
8661738
15566470
9500540
11677594
26978037
25485617
6171647
2181403
4976555
4551511
3547331
3110742
14087358
4889950
2190189
2124684
2388845
1840714
2144340
10377564
8502572
1579481
12384686
3628011
2726471
1888894
1123063
1118009
3575105
2922265
4798828
4477921
561001
17562837
1435873
8670139
8115553
1923832
26437881
27693674
22104604
23464491
8956047
3186448
2129560
3344218
2362813
2377483
2115773
2243791
7632728
18076036
8865180
2701938
2243796
8956048
8956052
14984478
518929
3186461
5881339
6052627
9259559
28086096
1140241
908397
37849405
328304
18473
8205612
11682070
31399538
14684700
15060110
15286156
14985400
16156025
17250669
28716252
2102440
4640938
23281040
17048257
19416283
8178144
36175493
7870815
1909908
2526519
9250877
13549405
14086741
4752949
4261992
4575979
4245367
4565677
353292
2493628
6219230
2109312
3090576
3808947
2263476
781271
351195
14579368
32100099
15183935
8490961
17437160
15929036
16251215
15811454
16001413
4206083
9928133
1368688
4770795
3697104
4685398
4719207
1727547
2336396
4556309
4575435
8829636
8559204
10580072
24513854
9271633
3117682
20848913
10896305
8310052
2402457
2402458
225042
218111
2160857
2726469
3186447
3340562
2243804
7085612
2216747
5532227
4177823
5532228
5087637
500108
5043326
418802
4435717
6780787
4452363
9119386
2822573
1315719
7642235
8662090
10501842
8486380
7866409
16782080
16433701
7378374
12892747
1678898
1678281
30463702
4284830
4395693
14304863
4287986
4318475
378997
6771291
15696628
30967468
5138644
4580844
5542021
7894180
14063294
14301784
5857373
5891407
1255711
1255720
4112539
5358633
5284421
11946554
5168859
11946553
7334520
5440837
886621
5063251
4202218
476049
1004533
567645
10096093
2336377
29959388
2123544
1923828
33927385
33883698
35476666
2701939
17005709
7257189
5083502
8597633
27825085
24325551
10026130
22411792
19679772
12090241
13630903
28157543
155453
8617250
8278527
11087672
6586369
787537
6185687
4215651
10610122
12325362
12203498
3541755
2103472
16668348
7716227
16724298
14736176
11906093
2734111
17954692
8358177
12904520
540362
33431700
540363
2362818
2103467
14336062
806810
914838
4512458
4551992
3419912
14729835
15121775
15948199
26199109
2402450
3031622
2165255
6285608
8268234
10482656
31612521
26354109
2402452
2103457
8352597
11063327
20544975
5096093
4129204
6155143
4099924
51459
4662101
7578863
23915195
22931912
10895318
21628591
12859414
37552364
7716229
22150417
8183363
5789872
4582672
2402456
2587221
2471156
16479174
942094
7154070
3502709
7740172
26445506
25254481
10049595
16161106
9250874
8366891
7770532
3299262
12730156
10707090
32813957
10790226
12746424
10067174
9987140
28403826
8976388
8672133
10991688
10991689
11706982
12161600
12567420
15175151
1406662
16484800
12124996
19620614
9383298
1093875
5592400
4371280
5794226
5139482
5139483
456586
7061434
7076662
9792884
10660339
9709985
9740255
11102994
11241849
12746426
7909944
11246857
6412751
10090912
20506034
10631159
1441748
2408020
17546672
5001847
2654885
14275142
7630953
7716233
7972513
7610179
16668288
8278561
31913360
37015930
34218407
12920089
3627991
15064763
16087932
11228641
4910389
4927373
5574401
3387234
19787770
2356133
15772760
36658336
17043746
8613147
10380703
10380704
10752636
8575823
8952966
9271635
10847847
6169112
2377471
3174458
909589
1649458
28550140
9169156
2216787
13723150
4452470
1010803
7238855
8751876
8797773
9298827
9326924
10882759
12362047
16937244
35915960
2103486
7319048
3344215
2147475
2704627
3380697
7070502
9119382
2174547
15744043
2169766
10613677
14752007
4314598
4578088
4124122
4578089
4612040
4612041
6995454
20622156
8084581
34342803
16906565
2395655
3287334
2166998
12538725
30051642
4763336
5477290
4198766
11947108
6838896
11945989
5473803
1164514
1167790
4902609
5285572
4627044
5805522
5555219
5555226
5540041
4582928
4628632
6059350
4407312
5553675
793619
687594
5782005
745243
845959
845960
7463482
1272388
952958
5065743
872929
4605302
4850855
9806854
16376411
2726495
5539225
2798111
7045682
5058224
2362820
8268932
7848441
7874131
7581410
10563488
10679957
10862102
11424919
16650083
17372140
17548557
3380703
2798112
20949528
16969870
31201245
3601661
2147476
4838672
1227935
7106295
3357795
2602161
2263497
8188229
10529260
28401540
29537095
1577772
10984423
7972138
3888374
2263482
15060111
9354784
9718356
10364543
15121790
9345106
9792882
9697688
10330365
10644174
10819638
9680392
1850513
31260566
30403323
1741269
32542751
2172083
30460687
7762451
21971831
8844219
9217235
8990016
9452055
9452091
14871447
15159512
16775239
6156092
7356651
15213454
9800346
7522741
7531827
8956049
9143933
9482656
9788732
10425042
19701943
30070761
24288411
7679477
8232426
2263488
570412
694946
38436102
9101138
31632689
30689
6127075
8659865
8659820
12502557
22806131
33767192
14814150
5111767
131723
16419067
1512214
15645437
26605525
11270363
11250163
8812442
2362814
2129547
11520417
7417338
1765159
8673600
30482897
7292985
2780295
2319943
2062661
1966426
2841803
2726497
2552421
1915308
3211755
10684983
8119734
11112388
8995189
2107526
9727751
10444336
8373812
17539640
10424451
1731965
3340530
7009604
11835509
8047138
1323446
12001234
5793714
4576138
1303256
8281159
8069314
8268931
7662640
7795608
8589700
8807344
9382152
8990009
17128466
7958365
9021153
9585441
2102381
10967146
7610188
10330338
1478657
10080174
2264933
8341611
15025586
26945885
28250205
21200151
9321489
18311744
7385583
6927848
2762132
14118277
13129273
428540
5406007
13629241
7271775
7262323
13591312
13022701
5150741
7036996
7238864
891987
2798140
4515919
639997
13115463
1252249
1248642
465021
891988
7271787
11017955
4940405
1001445
4673067
1236812
8508781
2125369
9101300
9298829
12746402
15060124
10089876
11233530
1754401
6246346
9544248
2179862
27871811
1723819
2462726
18814305
9284944
6327169
2374737
4566923
2491689
17256761
2103436
21430701
5578917
5578918
3344210
3473447
3043382
3211766
3387235
2726466
3290850
6801032
561783
3419937
3060860
3054814
27738196
12868002
1845990
1659296
1659297
32203188
8276468
9703340
7939711
10818213
7910553
26150393
30460678
25358353
24439873
15334500
16668480
1627784
18098602
4291828
14684485
13331940
3174457
2103455
2101308
2263475
34293401
19359344
25724124
2251130
2243795
2251131
1558960
25138476
1310294
14109227
32139460
893891
17304611
11058919
10802807
15300988
15818833
14694473
16411240
8436145
22334402
18832164
11182931
11336664
4364421
19309778
17290294
2320420
16574551
2602120
17879352
8691716
35285082
35560436
15147401
22305681
8674603
15618763
33585677
9858833
9027577
8875897
7894181
16192481
6927853
6896994
7080447
6185683
7080440
10192380
20017214
11398485
8451172
10408888
2320429
12758165
2762160
2548340
2829563
3960740
2701946
6331112
17037516
33473190
18214979
15257719
31585101
2829124
8389040
2829135
2549514
8383837
2840642
34435201
32333675
28283843
3380696
20215012
10090906
30817857
3263985
3497168
8723687
3190884
3399396
20851865
3205746
2734113
16668594
11861896
9452107
6941716
1445185
2320425
2662141
8213825
8441611
4324890
4339720
1408843
8810257
27561816
19585659
17287853
1840672
3019094
7685084
17249548
923591
3779030
30258151
30258152
10594242
4711468
1474996
6822556
3808949
13673006
8264733
11036637
1095770
2188967
1682165
8651316
1390893
7841205
8111388
7545958
8199595
7757088
2395657
11950863
16508674
11773972
1600152
8278515
16668481
9763655
15060104
2251143
2402463
2402464
6260961
1107069
1696003
1809847
3412902
7037455
3278297
2336399
2798113
21112924
25012220
25146916
18204809
15342707
1584024
1674131
8366062
8586224
8946852
16080145
15468319
8397421
1386496
6759163
468821
11425302
16586416
9192889
1302614
8353500
8088850
7981701
7987326
7987331
8081400
7987385
7633434
9452035
7654522
7278988
14627677
15458659
2564637
4684685
10754114
32229288
32357959
32728199
18760456
4407783
4589332
2290442
1536937
14705035
2587225
31863603
2336375
1794506
2726470
2726465
2602123
4558857
9253409
4962140
8081373
8019569
8081398
7951259
7474905
8807340
8956045
9143919
9452024
9452049
9452065
10070627
9420013
12112708
12114484
20077550
2498839
423993
751624
2216734
9383297
16940137
15211523
18560437
37440119
20538972
6124543
6129252
6067195
31812258
8159797
5083097
4622083
5366118
5880565
1134373
29611664
2771646
14521577
8479460
15130549
7809171
2124682
1579504
2243784
2251136
3453116
3060861
2530498
8266092
1303181
9452042
10549356
17876829
3060862
2780297
1352771
26297558
2320123
9662346
15200513
10381648
2726467
2726499
8588684
3562249
712836
7265241
5528841
4919729
28185673
7898324
7222082
2388843
3174442
4833747
2388841
7061414
4430362
1236145
7222060
2388842
3174443
6784277
700923
21726572
2374735
3174444
2740219
7222079
3615209
1245225
4206446
2239446
8250944
563806
2101000
4448181
4614976
7777053
1630930
8482550
2205842
14599896
10331865
9218411
7031480
6673760
6723953
10709665
2587231
17989089
7556080
1515609
8165251
17455999
3205749
3205750
5102931
7630950
32284561
10898987
11579108
5470818
5681232
29858569
8678993
9867794
10449915
14705128
15082620
2315036
11180607
7833953
9067759
9452070
9753306
8640214
17595013
9021154
2308849
7101732
15785764
2263472
1368584
2503813
2798106
7006606
8367306
2740237
13752080
14398975
15929006
6986370
9406547
2671940
3060853
4186849
3114718
2563897
2320430
12371
7980617
24387990
1932699
7991697
4687392
7846174
27325296
31519761
32196122
17006457
2826095
9233984
7951329
8956055
7821382
9533031
2308861
3472769
15757957
2830592
16258833
2002068
3320970
9095236
7846178
1623182
7870823
4339797
8290648
7630964
7991692
7590740
9326926
18260082
7191256
8247025
11210189
7619487
9064279
32978330
7637711
21677654
11158386
11132151
11306823
16425307
7514860
6281660
3093884
12557300
6341600
5475460
4946839
4909888
2269444
8540376
13702766
5886141
4603017
776669
4790849
4604255
4584879
4881358
339692
1337066
11210522
8244951
1001465
7672266
16653172
8115548
2552418
2548170
2552419
31361044
16485031
3453124
2308857
12325367
2813071
2726496
2017378
2671938
2513551
30022445
9354782
37160800
6218377
4335287
145942
6458303
6211191
8889589
4615902
4372217
16480155
2129551
11344131
1711259
10732354
23788727
16167996
8280087
10438452
9075577
8290635
7770546
8182283
2251146
2326170
3145495
2123031
1487830
1391780
8029342
7972500
8208850
3405769
27479915
32515786
19625727
14264884
5231755
13887540
4992300
4628805
14216423
7881444
8043960
1323047
18399557
2013407
1363837
1363838
8364546
8088845
7833954
8889590
9452061
9452062
9950317
7387651
6060189
8165249
412846
3126486
468790
3104880
1912508
412848
2004659
9199930
32890405
4146224
40036
2602115
8332480
3357797
2848222
10894922
16747456
72664
2896548
3302947
2186378
1454550
1741301
2148206
8405193
9692977
7305384
6986282
10395808
3267239
9109482
10594094
8310074
2717416
8278560
7991704
27613955
19896968
24081551
23973043
23581886
5283385
34875027
20669204
24049131
5465362
10079300
4295288
10959635
16207217
26416742
8310069
8108519
7972502
7543207
9218538
1956794
8346040
15591271
15286169
21465557
24969058
12414724
17718865
15628029
15016963
16114017
30040974
33054089
2011149
8069919
11698076
9259200
12070253
2374728
9479508
16642517
11481246
27965108
4854645
2771658
15028826
7716237
10702670
10702683
3194218
25832408
25832410
25832411
25832413
25832409
28128235
30312375
601757
16167998
32451610
35499779
17091526
4694729
4240117
6919539
29952006
29987869
12501439
21018749
6060457
7878732
24344921
15280885
10705982
9673585
7846182
16668954
4943977
7026564
6825679
7716242
2216739
9302997
11210516
35396997
2102872
16668955
8291088
10594241
2377474
15466003
9119384
10527672
3781934
8988161
9452053
12796555
1287719
19844639
18618710
28548111
6058082
4326215
4399474
16003388
13863458
5412063
2928117
11023353
1902950
4866865
1089072
15084723
1561098
1970171
8535082
1677182
2326173
1425197
8270542
8248794
8451175
1840678
7581392
8332509
10802674
2263501
11226583
17037602
2587243
2587242
2587234
2216784
18004779
3000718
2542903
1335573
18004778
2216735
2740238
2263491
2970626
2734112
28880955
27172988
2552417
3737418
2740235
7398872
516447
12770819
8791726
9258349
10650066
8893827
1956054
8654825
2034136
14872131
15326607
5845822
2798102
31754033
5336022
334770
334771
365232
27868344
1653777
18253837
2849764
2554255
2849765
2554256
12220683
32519301
32451720
8364553
4197814
4197815
5410815
2395659
16387648
9356045
14569127
3697102
3387245
2928120
7833929
9452105
12920074
3537962
7011810
8114821
28481123
27436042
2408007
2677720
2197604
8898338
18076075
29150835
3628007
1725098
11074242
11102990
11348478
18350656
19320019
7140990
25750261
18684246
4293109
4319237
31221826
21425231
8108502
2339071
3186451
2308824
2308825
7870819
8310075
6276778
5722267
6841349
576
3211758
1731999
1868217
8611616
1454545
9268648
1662369
26942292
11531705
9020986
2132829
1363802
9384372
29222195
1671440
1975028
7902972
9482303
9250209
25680975
25680976
9716665
12114481
12652124
18420150
5482494
117110
9321486
6897772
4608931
5507606
3174460
2349117
2726463
6283362
6993473
2911473
5497153
8281927
3412906
2740236
18247349
16342311
1368338
8310050
2308863
6304092
6406503
8446940
2602169
8829639
446730
2717414
3317275
16673119
12832703
7909177
9241758
6258984
3060858
2216744
8029361
2101695
2147058
7785334
8654508
8118105
8449524
7519821
8020945
9443872
16024869
2349107
2155397
2555779
2560337
2555778
2587271
21294718
2102864
2259340
4953052
450133
4214713
119870
101674
4218101
4212092
5636372
2001463
2377228
2285532
2242436
4664741
4664740
4559647
5027704
5551645
4803475
4609881
2362819
4611157
4751989
1420326
113029
4700462
4700463
1237627
4423465
4569071
28479332
8564812
2374736
9041528
1884003
1558952
8016272
2114016
16668719
7770547
8278501
1932698
7630948
1373082
3141903
31783057
1923775
7864893
1773062
8344725
9157092
7630952
3122184
2499875
2123543
2408006
3290855
1912505
3540855
3419908
3540854
1437570
2646598
2326175
16668833
2518836
2243806
1840692
3419939
2660108
3290856
2644624
12917674
2654886
8066140
3045763
2646599
3057446
2106663
2129396
2183183
2115674
2204032
2513552
2643084
2508063
2108431
1840688
1863762
1884009
1868208
1610474
2102868
1581578
1868221
16668961
7610192
7846177
2129400
6896362
14997555
4598120
1495415
2387594
2346490
2201950
9851450
9915968
11561050
19667325
15572558
15647591
9914965
1323044
15822122
3697097
1623189
8016277
11231326
9462734
15583144
9241266
9425889
9915974
12471211
16752378
15229897
8921382
2186369
2349111
5531031
4833516
728431
4474131
4721748
3628009
4840833
4866985
4898482
4684715
5665876
4567791
4684716
5156374
12739139
12960218
15389709
15520399
15121796
8349645
16534812
24319783
31209249
12857797
16196020
16258834
17636914
2175890
11081442
3570377
30552125
11814386
7698774
23645597
1909073
31859446
3047685
8224889
9266401
12070256
4708672
15048837
16544324
16498617
12211007
16865708
28832011
31583274
8479928
2190188
4833743
8438236
4146915
16523484
8535454
728427
728428
8053947
22095926
23720358
5472708
211371
7660977
5552824
4575349
8449292
13319326
8232427
7660999
2263502
3357784
2587233
3671096
3138658
4550559
4550560
4872216
9629200
2103434
9259203
12354157
2602117
8592474
7951059
7981668
2181404
15855551
15822125
18491386
7972526
14645828
7610191
7688456
19657362
8115552
1429617
2506528
2493636
3057444
3344209
11977240
6269887
6274689
30654050
31382036
28754775
1956796
8255785
8479919
7829098
6754650
17044043
7951216
8387377
28181142
3194203
7806278
8844221
2402460
2662142
30761613
445685
8479927
3137530
2115998
8382805
17594401
10337631
1333589
1849630
9501913
3304147
22566140
16247081
3281097
3133626
23396039
26739247
19004028
15692745
18536017
2336404
2308826
1532751
3797252
1536932
3714502
3467303
7716241
2103468
16668878
637859
25573899
10391207
16760484
10838229
3380701
3627990
3412915
16668083
2388836
4608146
6415058
7630959
3822845
1932702
3822825
3658679
1840682
2101694
3588298
8278513
3211759
3357781
8467089
2395652
12850443
9973307
8441612
8108517
8824393
36150687
2717419
593347
593348
17081259
20827793
37604834
7120417
7411633
2175888
7839009
15503214
1641000
12512086
2602156
8029344
8371991
2377463
2106674
2544862
1475203
4552016
4268693
8165147
31872057
1863760
2764894
19004003
7770911
6458514
10384296
7274472
876374
851452
843375
938497
622170
17984200
9745680
2685761
6283373
3530608
3287330
11353399
2690001
6942701
18076076
573217
5541771
4708098
7849720
8595427
9452064
9452077
10090908
10612852
10715319
8420996
1908076
4297268
8052136
8441605
19138581
34818416
22815541
2179863
12485849
10581022
14243758
14264882
5341476
1898705
11902138
29372562
8180407
32470140
10702663
1561103
3822842
7835413
3283705
11839775
1840518
11947306
9297088
9454067
14997576
26859551
385889
1408771
1600156
31600504
8451171
3287341
1840662
22824004
9497060
14729744
2726491
16653025
3108862
7972503
2349113
3295778
1630923
3419911
3344206
2377464
3684583
8108504
773698
782920
2320419
21567917
2187183
2201953
1408837
7477109
8506151
8441690
365580
352727
7637712
1437565
340263
786730
2402465
8101367
3822843
1098937
354687
4567807
10959636
365581
10227288
381019
1484554
7007072
4589347
391594
1861993
8022929
2657663
391595
1093874
11109964
8479925
9747977
1709488
1225626
7716238
8310054
8058833
332524
2602122
776670
2780320
765258
3357790
8341606
786732
1461740
2388839
11089913
1437567
8479924
8415004
8114820
365579
2554258
6254502
2850543
2165256
1128706
3037496
2165257
2175891
2559328
365584
2339065
8367312
2492096
791672
324885
369594
2748341
2388837
103754
2762135
4573678
7250376
8346036
2678007
1945856
8415001
2030951
1870984
2771657
8066137
8943156
1614881
3287327
2188966
2030950
3122177
1598221
3287328
477981
1594456
1840653
7972523
9603498
3684587
2192363
1723150
3287329
1614880
8346035
17284584
10529298
2915933
10916154
9029799
2251129
2537952
18025117
2674901
9457683
18574499
19291764
25043520
1157925
13989651
14235531
14342316
5801478
5460889
4835726
4738402
4855010
4564316
1227969
1741299
4855009
4852291
7649283
5460946
11947109
4904878
4356260
2336369
4553460
4865702
4592261
4610145
6159890
27664066
2806059
1368676
4215038
1894001
7921235
3922722
4710592
7784516
1269746
2315023
6846794
4761089
4664228
6673761
5144355
6061414
5550972
8576077
12515253
1594455
2632211
761620
8220218
1901646
8596628
8159796
2102840
11062486
16307016
15863674
2762129
24719467
2071613
9499374
10384303
8786150
9608944
8505344
1542581
10734555
8332503
3031621
1549483
714163
6445008
4433569
9326927
10090910
12960219
17297704
28784774
12920076
12920075
14627685
20805823
4909663
11945603
12211039
26618540
8502569
1408768
8127719
323055
1095419
4371081
2308853
8714123
3368320
2664713
7310873
1437569
1597408
1475207
2106671
19137609
3822844
3562230
3960739
2501762
3601681
2922301
3575110
2129550
1732001
7870829
3588315
8058834
8108522
7972505
7007074
7020604
3267208
320034
2780296
8451173
1461744
8433721
2602125
8506150
8332508
1508697
1625701
2587275
27909223
776686
8493114
8989316
7824648
1868205
7770540
3380698
344065
4598121
765484
781296
7748157
776663
8441687
8367309
348496
7003157
786731
2899871
8332502
8415000
2374723
1840675
8464749
2911474
2928115
2147995
2731467
1542313
8278557
8441641
7023985
2308862
7972506
2030971
7685082
387449
2129557
10394070
4587210
7784518
6211592
363452
4273819
8102200
328274
3601662
1408841
7513848
8371989
10606263
2030949
1741265
7694236
7770536
1091515
36387278
17910070
18551689
19739191
18720493
14517985
12001236
2528429
1754402
7761480
8208855
8586453
3357791
8288261
2199762
16485279
19369589
12183616
10773680
10667780
7972504
7913240
5543946
4295540
7411618
5640967
938515
881725
5657864
10201393
20376209
1560822
7795214
10980549
10908584
1531521
2183524
1330328
1315958
18765655
9450902
10612851
11241852
14985404
17204054
18312400
15046072
15046073
24793461
8276408
6615778
18949447
7312031
15213440
1952954
16145699
33772578
36460433
33199848
34267353
8165256
32276275
36745868
23406454
10196521
9762842
31780526
4436323
26933868
27430653
28637197
15307247
8528239
21150650
9500541
12974744
15689455
20108392
20815031
19889517
11856893
9056918
16311021
3037494
12123233
12857562
15656822
20108384
10545938
20920669
33185949
1363329
16653170
7115671
5055786
4816450
1259755
11946204
10211414
2259638
11048944
4625315
9675868
3120151
17290461
11481243
8165255
8822814
12501384
10928856
11064105
21204240
81686
3658681
3169883
7061446
8003952
17309654
19274794
6163778
32728661
22837513
16985498
9140406
26203640
27840890
29956681
16544326
16596569
7118402
3378281
7604048
8493111
11948793
15702529
11531706
3537966
9388688
8833264
9171822
31201246
30707744
8507984
160951
2587226
604510
2163526
1090075
11890426
15147407
28504826
8875893
8662240
2320426
3211750
10742094
12919402
17679682
18251839
19522081
25772804
27159988
28065826
25937544
20522878
10471492
10911008
2444928
11992118
10196578
9720188
4558348
4558349
16668828
1355087
27231381
8278523
5500394
4460885
4342910
4611766
11945430
11311249
658402
1122130
17041718
11495769
17357154
20077567
2194168
10612251
17634472
9222324
15593094
3205731
5135313
4753764
8290650
9388664
8583945
12163183
7026045
1523891
2249673
7250377
13879310
5465996
5978238
15668457
232871
15235037
2671749
2682262
1741023
25080166
2682527
2198540
1856236
29883612
18022353
23648668
27484902
1467648
17335879
8654577
3808053
12670026
1339454
9274005
8628353
15079037
26732493
8878475
20843259
11474197
10965144
34930999
16080146
11344125
15063865
15942952
15942953
11403039
9073522
3748814
8180469
2408023
9072802
6158163
6927854
761621
8875433
10036196
7647800
7725970
30267900
19625767
33649599
33649600
19597350
11491537
12478477
23167593
15266624
29397194
16314687
11220635
2229082
10738006
14216427
12203571
17003809
26769223
2103439
25919322
14756676
19120323
21690549
7783629
2019323
9166592
20635401
9800343
8551862
9598354
29409814
10100681
1969620
7353633
14569139
9271672
8415008
34782760
9383289
22696055
642009
2326205
1731963
1623183
7724677
3597043
2102887
7824654
20310068
2263495
4279916
4436313
518876
7175933
3110743
3122185
2493630
2780301
2928122
7002610
8528216
31314961
8592323
8332197
8069312
7951252
7881433
7997024
7795609
7655468
7655469
7655471
7700376
8990014
9101297
7610172
3362683
16668351
3628012
1620165
2395656
6993479
2243797
11670835
16668352
323056
1089067
3684581
3399391
3797253
2682526
8290649
1932701
3697077
19127588
2734108
4584625
4580883
4856718
5579941
3375065
3174454
965151
4747849
11946725
5810834
5144027
4675454
5279046
7356479
8364549
8552145
2018514
2243786
3368321
2567501
3194207
4918150
2704622
3174441
9321473
4736985
5062423
7652212
28389981
15317023
18348274
8441686
8332506
33086258
1614875
10441749
9880678
8479922
11130989
9337405
8346034
7849401
9598349
31113793
8493110
21208124
9143916
9452059
19921652
11857796
23907639
11471063
12411611
18187045
2115675
2587278
12161613
23279441
4154277
16809841
4163007
2243803
21350494
4571773
4572733
3658689
1474000
11182930
17128482
9271673
16160140
2587268
2336370
11162792
1966429
2550899
2161519
20009592
6271595
20108422
15213456
8304109
12688595
9480761
8108857
1350857
8081008
3691949
33578420
2336400
2315022
2559436
19728111
29998879
31790666
11994399
27825083
2587228
6264320
2537953
2798108
32273475
7731929
3340536
16293136
9657859
7873883
8332478
8672123
8162230
9306070
7776083
9450909
8190643
2664714
1870981
3262868
9059628
2970062
1377969
2216792
1863765
2326176
17427953
7763545
627554
4376147
763329
3412900
3306605
4627743
1480495
8464746
16041486
7655467
2374726
16804942
8483851
9589597
10442998
7882987
10050298
13679528
3380704
7610181
16668411
7513084
16668180
16668880
16652995
1627785
27679500
9452116
38582550
2550905
2157196
2587230
901509
10369247
823872
20086
12402275
1694969
32531246
3412903
4829397
2726489
1480493
1658399
15014235
2646590
2922269
2395663
9311751
23311
37290
6107210
10232325
9164458
18004774
22383337
26015578
16879884
4967581
2118514
1369081
6065094
4399039
5249818
4560201
5055784
7040388
3186449
3194228
15678134
15678135
15678137
27912045
6181785
1531032
1531031
8115551
8290642
2057369
7007263
11727987
22815540
37106376
7025207
6256345
9371398
10341103
9133341
3278298
23008233
6280993
1903307
338359
8290371
5338216
24354524
9585442
7042987
33589599
3120152
28202951
16528784
8367305
8497194
1598219
1859832
19088328
34151484
15811535
9462735
10199925
3317277
8724762
31321409
31970218
35074316
334569
891985
4579631
6754952
7120416
24488309
29444210
8382797
31119195
34518509
34711800
35587630
4591672
4544320
4868368
4568607
11313722
1177312
834250
2399465
2612358
1508726
8464745
8464716
1480494
1840667
1475205
2243794
11696554
1587478
2170938
2159625
2356131
9561101
7896853
11526914
34465718
2505236
9674419
17554781
11963920
18465758
1741264
556924
18831051
1092268
8168860
7792761
4597321
18412263
14517983
14517953
14991829
14991828
18186464
7328649
16441306
2395653
20466094
7685500
8290644
1484557
10779606
7610170
2798144
8341332
2315020
8920019
7804238
8813701
2506525
3267222
2762163
8464747
8332475
1641350
2405282
9545502
22095455
14729838
11183182
17708964
2109310
2374729
9799847
9730594
9553155
11032847
16342268
7590985
8441689
11333869
12746400
16490376
16650785
30513139
15326608
20575135
29866430
28898622
33377991
3159906
2374730
860405
7142163
7265205
416224
22512499
12729609
4945109
4554913
12646957
2172929
7730215
3344217
9349809
3774547
28303806
8332505
1423586
1620622
1840674
29305315
1741298
30120151
11457355
3405772
8413592
2308859
28532655
9070946
3299272
9929878
2271516
2136251
1630940
8503123
12150153
1971423
1922360
1549479
17955161
2103483
1581564
10066034
1353860
3470709
15103729
3470708
3166520
12030934
2349108
2336403
1525823
9590282
5543674
10200571
3309953
11921407
2174546
2236080
28535378
19908320
20629133
21425341
21110056
21387410
6101498
3684612
3399404
2349106
3387247
414747
3034496
17503407
7844053
7592050
13355325
13355326
13355327
7716234
1012007
4429868
5040648
4808703
7175940
4214815
14009486
4630409
20886485
17969213
18604845
3194209
2726492
4567662
5477295
7021558
4883076
4616096
8187776
2734107
4417993
7824649
914810
5035954
4607177
5719166
4941626
7136736
5568678
906843
4415051
4606908
873923
2377469
3186450
2408022
20043306
4973015
4690911
6945862
691057
12211025
15487591
10051550
1794505
10328846
8548358
8634721
21670590
19279399
2129561
10526330
12833085
18305471
8346037
4688871
1120493
7389029
11725292
8210506
15670142
14012712
5452018
5857249
1812485
8248627
2165754
12209110
7870835
8310049
1863782
23320496
23147790
2110658
38879951
34982145
15211521
11424922
30808001
19747362
1108413
4476800
11862414
4551944
9303477
2216740
3555974
3684584
9089109
10199924
1348497
2216741
2251151
3588316
25791106
3587028
11385718
992069
10651267
8318890
4369337
4369265
958429
11003710
12865991
9107680
2827105
2537961
1331988
11559852
3027580
10836847
1657766
8188324
11486281
6292730
6099239
7704935
2216730
1329032
32128574
33459963
7846176
28516161
7798146
23759578
14668850
20016268
2554254
2339066
8756320
6337343
3133640
2107528
11424925
33795662
2377472
12511643
18347598
12696058
1134550
985462
1368616
3174447
2377473
8108523
4922541
8946393
7005233
3331346
3671073
2762137
3820300
3368322
7663526
19487656
35596517
15819814
10838230
28466964
15771740
11241479
12414822
14739645
21751328
159657
10393424
9326928
1327271
21357251
29846532
8550091
2536925
23103599
17455176
12754369
29142083
38899702
17705272
3294776
2235503
3658709
1809186
3786138
15466165
3419934
500689
2402455
2374734
7049727
17263370
19213692
815011
4214528
4984938
4982117
2497670
4985794
8597643
19967786
16956947
21512569
21572451
2823222
30289604
16861910
37369656
14517984
8290643
27531075
29170023
17876823
10941070
18979475
12815418
26200340
7763866
4863752
4571778
4571777
7007651
4943677
4552018
381671
25477146
9925922
7610197
2227447
7007653
7021857
4598537
5333199
4567790
7042989
7007652
4358945
6283099
4594441
4914739
2395660
3103104
3399398
2182120
25285920
22782788
4945270
17932921
17044062
1581563
8108503
1868216
1741302
8058831
8892299
5967094
4399051
5892911
512
11073545
2326201
2780302
14020231
4738933
11945763
9867424
11130985
8833243
32112661
8407990
5101173
6207569
2602159
7800007
7528344
9854118
9782095
10790540
7240129
6158947
10090875
948102
791677
25745186
4607556
4216640
671542
12820260
8257997
8081397
8990019
23317988
11813558
2734110
873934
2771647
1956325
34309526
2062660
2336364
835226
7919663
4112769
4169272
9660588
1901558
8248629
8995765
10465122
19685007
8413602
7773772
8703127
7579892
8755619
12034460
20455272
2888085
15008146
3267240
1570012
9087716
7634325
2342539
9259202
2111010
1945866
8662245
16293128
3118334
9151804
105005
2011150
1594454
11187886
26358188
10656933
1871145
2159627
8278526
9067428
11885984
1512213
16669105
2557575
8159798
2849766
2173831
2538802
2173830
1650258
22689415
24398133
25776854
9774100
1426603
2928121
9568704
8206223
8276413
11370628
12402338
8464825
3108864
16132835
12211038
2151660
33514497
9711545
2541415
5330662
21808300
21808299
1326083
5490233
5089608
11945593
4624162
5085267
2624233
7190524
16453163
2251133
15265087
8131971
10343097
13737038
2326167
11594743
8626347
1446838
15906318
8366067
18260097
2113276
18779414
26359933
2855680
20503306
12525556
6287481
7417250
6156676
6283374
3412904
12945057
8257445
8670090
8479490
7987330
7833930
9452109
15952208
20558380
18398909
15211526
8108515
15335920
7972522
8115549
24913193
2147996
2147478
1699207
1600151
3697075
3684610
7638237
10501981
450112
8880453
6250480
15032981
17970811
8205838
15702528
8383836
1319576
11427521
8612600
11774531
18516225
692656
8464748
9452032
9452106
8963248
2251132
7199625
1561099
520589
1227973
4829446
4854585
2307685
1625585
10830112
24406068
25937220
4436285
4512962
7919660
2377470
11323026
20873370
6331107
3748812
3016650
12123587
7625694
2821505
2552422
2557592
2536152
4884707
229965
224033
2834696
2165258
2544861
2538805
2374725
2552420
1783783
2821504
3035492
8284514
2557579
2850544
2538804
3035499
2157314
2168543
2821494
2831505
2169609
2168541
1697069
2536151
2829137
2168542
22517097
33460484
22422971
6273585
25899124
2798139
2697048
7278981
6927851
7120401
7120400
14161003
5132665
1014024
854881
3194214
1011993
2235495
1103442
218624
2102825
631332
2336394
2308830
10803853
3489923
7662996
2235496
4898284
3194206
423246
12068092
6975276
3419910
2362817
23881105
8001129
9445409
31491411
381306
8366065
16791741
17603302
2109311
21143469
2259633
2017393
10343101
21271649
10441746
9143515
8111391
8295405
8956030
10738002
11182928
10799199
2837741
2315017
2474796
7007808
9388547
7575623
4783175
1623199
27825084
17304551
8504220
1461286
4216296
30489636
12376526
16112620
1641347
10090907
2798103
1368583
3174453
1368843
2336398
3186458
3405767
15542625
8502574
9045616
12360533
9697413
2160072
12471609
14997575
2326168
1741267
21905120
2356134
2602163
16668957
12486730
15213437
11991357
15779043
15390261
12211008
18361457
11031048
331474
19452549
1891370
12661000
17221885
19382206
1324434
12211024
15468321
18393394
15103639
3054816
21566460
27103431
16862575
1741263
32006098
15103642
19343803
12001238
18473364
14696199
7008953
3547324
25285921
2838827
2740223
2115995
16281282
12153044
14512736
17523190
31388144
31642031
25412658
25412661
30150673
28106076
19455708
14635137
9176064
7797272
25173411
17854321
21169998
21151021
19434754
8548448
2243787
7849402
2114017
4741910
2497440
1454548
18606302
24675531
9694738
10449923
8371993
9457682
9799612
9096115
9169157
19474393
11063263
15147412
20975739
15121780
10602999
10612253
21387411
2541416
8518738
7371984
